200
0 135
0 19
0 109
0 58
0 67
0 97
0 138
0 20
0 50
0 188
0 75
0 141
0 100
0 8
0 53
0 65
0 175
0 151
0 46
0 86
0 174
0 85
0 36
0 117
1 162
1 157
1 17
1 143
1 34
1 156
1 21
1 39
1 29
1 148
1 66
1 46
1 19
2 59
3 135
3 121
3 21
3 131
3 176
3 193
3 160
3 91
3 31
3 68
3 3
3 196
3 55
3 132
3 38
3 1
3 127
3 123
3 178
3 198
3 90
3 159
3 79
3 97
3 70
3 148
3 24
3 184
4 136
4 115
4 182
4 28
4 35
4 103
4 82
4 151
4 80
4 75
4 189
4 30
4 175
4 123
4 194
4 20
4 41
4 188
4 13
4 89
4 61
4 10
4 107
5 100
5 111
5 15
5 45
5 82
5 10
5 38
5 67
5 104
5 199
5 183
5 149
5 189
5 195
5 113
5 196
5 138
6 189
6 64
6 98
6 88
6 96
6 130
6 55
7 14
7 8
7 71
7 47
7 11
7 62
7 182
7 178
7 76
7 2
7 196
7 94
7 101
7 186
7 52
7 152
7 180
7 142
7 16
7 40
7 5
7 57
7 55
7 78
7 125
7 163
7 146
7 1
8 86
8 190
8 15
8 59
8 100
8 129
8 72
9 128
9 196
9 151
9 194
9 75
9 69
9 58
9 147
9 154
9 74
9 137
9 122
9 141
9 6
9 9
10 34
10 17
10 105
10 11
10 4
10 161
10 133
10 109
10 142
10 198
10 22
10 126
10 163
10 26
10 125
10 89
10 77
10 88
10 84
10 176
10 24
10 14
11 177
11 47
11 87
11 15
11 18
11 11
11 108
11 82
11 147
12 185
12 62
12 130
12 63
12 165
12 90
12 20
12 110
12 195
12 81
12 45
12 144
12 115
12 183
12 58
12 25
12 24
12 67
12 26
12 111
12 70
12 93
12 2
12 196
12 151
13 65
13 31
13 44
13 18
13 146
13 158
13 139
13 187
13 20
13 95
13 189
13 67
13 58
13 36
13 157
13 107
13 2
13 165
13 40
14 18
14 25
14 150
14 32
14 89
14 135
14 42
14 54
14 56
14 126
14 146
14 37
14 12
14 188
14 33
14 171
14 147
15 139
15 140
15 198
15 29
15 172
15 120
15 85
15 32
15 25
15 48
15 109
15 79
15 122
15 90
15 145
15 147
15 66
15 175
15 180
15 20
15 110
15 70
15 108
15 151
16 148
16 32
16 119
16 49
16 83
16 69
16 190
16 143
16 11
16 159
16 163
16 96
16 102
16 151
16 92
16 9
16 54
17 50
17 138
17 73
17 108
17 35
17 106
17 147
17 166
17 96
17 64
17 54
17 0
17 127
17 159
17 78
17 95
17 120
17 94
17 14
17 27
17 53
17 17
17 76
17 157
17 124
17 151
17 125
18 172
18 88
19 158
19 151
19 40
20 68
20 194
21 22
21 58
21 36
21 168
21 136
21 164
21 102
21 0
21 5
21 111
21 173
21 178
21 99
21 7
21 116
21 74
21 20
21 11
21 186
22 126
22 114
22 194
22 173
22 83
22 111
22 53
22 135
23 59
23 42
23 62
23 170
23 172
23 41
23 51
23 22
23 184
23 80
24 64
24 38
24 42
24 73
24 142
24 81
24 165
24 168
24 162
24 8
24 173
24 174
24 112
24 78
25 14
25 162
25 90
25 134
25 181
25 83
25 64
25 192
25 73
25 194
25 58
25 45
25 154
25 87
25 59
26 46
26 163
26 100
26 3
26 113
26 11
26 176
26 126
26 141
26 91
26 167
26 175
27 184
27 16
27 115
27 117
27 140
27 41
27 60
27 51
27 21
27 173
27 86
27 95
27 137
27 113
27 132
27 145
27 186
27 88
27 89
27 27
27 101
27 105
27 14
27 138
27 68
27 169
27 46
27 66
28 172
28 182
28 69
29 120
29 36
29 63
29 159
29 142
29 8
29 113
29 174
29 108
29 96
29 76
29 169
29 79
29 136
29 188
29 162
30 98
30 12
30 44
30 186
30 121
30 43
30 89
31 133
31 157
31 85
31 39
31 7
31 130
31 186
31 175
31 91
31 59
31 9
31 30
31 26
31 169
31 197
31 89
31 161
31 120
31 33
31 150
31 152
31 151
31 43
31 98
31 66
31 16
31 19
32 13
32 65
32 81
32 98
32 3
32 75
32 43
32 154
32 29
32 69
32 9
32 91
32 119
32 14
32 78
32 184
32 20
32 45
32 90
32 86
32 23
32 112
32 64
32 148
33 102
33 190
33 148
33 74
33 16
33 138
33 77
33 116
33 76
33 53
33 122
33 87
33 153
33 169
33 33
33 157
33 93
33 159
33 21
33 178
34 154
34 126
34 152
34 181
34 75
34 107
34 149
34 134
34 119
34 104
34 153
34 61
34 72
34 194
34 0
34 133
34 81
34 1
34 13
34 29
34 191
35 84
35 56
35 142
35 75
35 100
35 119
35 114
35 46
35 68
35 160
35 115
35 23
35 174
35 156
35 53
35 19
36 114
36 109
36 110
36 189
36 95
36 77
36 67
36 64
36 73
36 192
37 78
37 85
37 139
37 6
37 96
37 171
37 34
37 146
37 160
37 196
37 144
37 81
37 5
37 12
37 31
37 145
37 39
37 109
37 143
37 157
37 185
37 111
38 199
38 196
38 56
38 72
38 69
38 54
38 161
38 85
38 80
38 77
38 5
38 177
38 36
38 158
38 101
38 24
38 117
38 168
38 170
38 138
38 126
38 162
38 179
38 105
38 50
38 123
38 194
38 195
38 71
38 186
39 77
39 87
39 79
39 125
39 78
39 45
39 187
39 48
39 167
39 24
39 3
39 181
39 92
39 104
40 88
40 149
40 31
40 30
40 79
40 146
40 5
40 23
40 138
40 166
40 32
40 75
40 119
40 194
41 66
41 108
41 82
41 178
41 59
41 105
41 107
41 3
41 29
41 22
41 85
41 99
41 91
41 157
41 98
41 37
41 120
41 102
41 25
41 129
41 188
41 5
41 163
41 159
41 44
41 116
41 113
41 132
41 26
41 181
42 122
42 3
42 105
42 117
42 154
42 150
43 22
43 46
43 51
43 45
43 84
43 124
43 195
43 135
43 74
43 179
43 94
43 159
43 143
43 58
43 48
43 53
43 192
43 54
43 136
43 65
43 38
43 83
43 36
43 113
43 40
43 138
44 63
44 186
44 76
44 147
44 113
44 103
44 190
44 162
44 14
44 146
44 156
44 22
44 48
44 34
44 168
44 93
44 23
44 177
44 90
44 61
44 181
44 97
44 21
44 3
44 191
44 46
45 47
45 6
45 125
45 7
45 56
45 39
45 92
45 74
45 181
45 8
45 38
45 128
45 186
45 187
45 116
45 142
45 110
45 168
45 120
45 36
45 44
45 15
45 115
45 109
46 63
46 160
46 13
46 94
46 80
46 86
46 79
46 81
46 124
46 180
46 195
46 122
46 67
46 174
46 148
46 12
46 153
46 123
46 125
46 156
46 128
46 109
46 25
47 53
47 60
47 101
47 119
47 111
47 130
47 115
47 174
47 38
47 153
47 178
47 127
47 158
47 159
48 155
48 0
48 50
48 80
48 71
48 92
48 72
48 146
48 21
48 22
48 7
48 176
48 44
48 124
48 23
48 141
48 19
48 53
48 18
48 40
48 83
48 59
48 30
48 24
48 109
48 149
48 103
48 180
48 115
48 181
49 114
49 97
49 124
49 49
49 14
49 76
49 23
49 105
49 175
49 140
49 137
49 171
50 98
50 82
50 63
50 186
50 178
50 45
50 116
50 112
50 29
50 198
50 65
50 7
51 15
51 26
51 109
51 72
51 64
51 23
51 75
51 173
51 18
51 189
51 40
51 142
51 153
51 104
51 117
51 135
51 181
51 52
51 129
51 150
51 2
51 53
51 51
51 159
52 166
52 198
52 189
52 191
53 79
53 68
53 36
53 165
53 96
53 87
53 196
53 66
53 29
53 49
53 160
53 185
54 119
54 13
54 35
55 37
55 36
55 34
55 50
55 22
55 118
55 141
56 131
56 136
56 73
56 165
56 48
56 35
56 74
56 112
56 9
56 163
56 87
56 117
56 39
56 164
56 97
56 187
56 161
57 90
57 104
57 105
57 128
57 75
57 71
57 168
57 189
57 1
57 100
57 137
57 166
58 178
58 84
58 76
58 28
58 19
58 44
58 13
58 104
58 188
58 115
58 50
58 125
58 193
58 110
58 184
58 67
58 12
58 118
58 52
58 90
58 26
58 123
59 101
59 110
59 28
59 94
59 117
59 0
59 130
59 36
59 11
59 87
59 199
59 149
59 125
59 2
59 69
59 81
59 95
59 189
59 92
59 80
59 105
59 174
59 122
60 109
60 68
60 175
60 39
60 127
60 152
60 37
60 174
60 182
61 99
61 23
61 137
61 71
61 116
61 107
61 89
61 27
61 7
61 126
61 83
61 18
61 120
62 146
62 131
62 7
62 14
62 21
62 11
62 19
62 66
63 87
63 32
63 154
63 77
63 21
63 191
64 191
64 45
65 98
65 120
65 28
65 104
65 138
65 45
65 165
65 156
65 127
65 143
65 58
65 173
65 190
65 90
65 155
65 144
65 47
65 108
65 79
66 140
66 38
66 29
66 24
66 56
66 103
66 162
66 160
66 48
66 39
66 115
66 19
66 40
66 2
66 37
66 133
66 105
66 33
66 46
66 127
66 170
66 66
66 44
66 84
67 15
67 186
67 133
67 130
67 177
68 93
68 8
68 157
68 40
68 170
68 22
68 198
68 11
68 137
68 179
68 150
68 91
68 7
68 185
68 5
68 151
68 70
68 52
68 99
68 172
69 15
69 133
69 28
69 111
69 109
69 196
69 4
69 152
69 195
69 10
69 140
69 95
69 118
69 65
69 150
69 22
69 146
69 147
69 72
69 158
69 31
69 19
70 51
70 131
70 138
70 135
70 6
70 182
70 176
70 84
70 67
70 180
70 189
70 49
70 54
70 160
70 42
71 149
71 79
71 195
71 184
71 8
71 188
71 9
71 160
71 61
71 92
71 26
71 142
72 129
72 40
72 193
72 76
72 198
72 117
72 13
72 23
72 173
72 160
72 113
72 181
72 68
72 157
72 71
72 177
72 2
72 92
72 87
72 151
72 184
72 61
72 19
72 62
72 7
72 46
72 89
72 78
73 23
73 52
73 119
73 63
74 15
74 69
74 183
74 48
74 94
74 159
75 186
75 188
75 89
75 169
76 164
76 155
76 12
76 53
76 181
76 127
76 157
76 173
76 34
76 68
76 198
76 59
76 186
76 89
76 195
76 150
76 112
76 179
76 193
76 108
76 55
76 154
76 20
76 63
77 156
77 104
77 142
77 56
77 163
77 94
77 96
77 0
77 52
77 9
77 151
77 133
77 152
77 2
77 25
77 33
77 171
77 47
77 99
77 46
77 182
77 165
77 105
77 125
77 30
77 59
77 20
77 40
77 199
78 151
78 107
78 67
78 199
78 41
78 96
78 72
78 79
78 52
79 155
79 81
79 9
79 7
79 164
79 83
79 142
79 144
80 22
80 143
80 129
80 184
80 178
81 180
81 92
81 187
81 43
82 103
82 88
82 87
82 96
82 147
82 74
82 101
82 165
82 150
82 41
82 158
82 156
82 153
82 186
82 115
83 152
83 25
83 20
83 188
83 187
83 66
83 53
83 113
83 89
83 184
83 62
83 168
83 85
83 194
83 191
83 92
83 196
83 180
83 141
83 175
83 111
83 167
83 16
83 36
83 190
84 114
84 150
84 143
84 55
84 189
84 145
84 21
84 92
84 57
84 20
84 108
84 15
84 165
84 129
85 98
85 107
85 14
85 18
85 137
85 76
85 177
85 186
85 145
85 104
85 92
85 43
85 24
85 87
85 122
85 9
85 131
85 136
85 130
85 111
85 124
85 2
85 156
85 173
86 169
86 189
86 107
86 8
86 75
86 125
86 117
86 74
86 98
86 168
86 162
87 180
87 113
87 41
87 148
87 11
87 132
87 104
87 161
87 23
87 53
87 106
87 74
87 142
87 84
87 43
87 172
87 40
87 73
87 118
87 2
87 52
87 13
87 98
87 63
87 99
87 10
87 119
88 158
88 30
88 19
88 4
88 139
88 17
88 147
88 56
88 162
88 78
88 181
88 1
88 12
88 171
88 169
88 69
88 182
88 160
88 151
88 193
88 123
88 111
88 180
88 104
88 105
88 185
88 44
89 56
89 87
89 44
89 109
89 66
89 196
89 76
89 2
89 169
89 162
89 42
90 132
90 172
90 21
90 100
90 199
90 77
90 144
90 81
91 137
91 39
91 84
91 193
91 16
91 42
91 167
91 59
91 127
91 40
91 105
91 29
91 4
91 65
91 6
91 64
91 146
91 83
92 40
92 180
92 182
92 14
92 157
92 122
92 63
92 1
92 67
92 36
92 33
92 107
92 129
92 169
92 183
92 81
92 131
92 89
92 115
92 82
92 26
92 152
92 124
92 21
93 116
93 113
93 189
93 142
93 72
93 176
93 115
93 107
93 30
93 182
93 47
93 8
93 166
94 15
94 132
94 41
94 192
94 71
94 73
94 16
94 99
94 185
94 77
94 114
94 165
94 3
95 191
95 157
96 37
96 28
96 62
96 151
96 1
96 152
96 8
96 146
96 109
96 84
97 131
97 169
97 108
97 63
97 163
97 7
97 179
97 113
97 186
97 6
97 134
97 145
97 170
97 194
97 177
97 178
97 137
97 184
97 147
97 11
97 92
97 130
97 174
97 153
97 88
97 168
97 59
98 16
98 52
98 152
98 34
98 192
98 123
98 157
98 24
98 148
98 119
98 149
98 171
98 84
98 78
98 190
98 122
98 8
99 182
99 192
99 170
99 177
99 103
99 115
99 135
99 143
100 67
100 90
100 55
100 105
100 94
100 5
100 7
100 192
100 17
100 41
101 196
101 188
101 29
102 65
102 141
102 142
102 60
102 137
102 13
102 2
102 176
102 92
102 85
102 20
102 114
102 161
102 131
102 186
102 170
102 134
102 7
102 162
102 31
102 174
102 127
102 47
102 143
103 2
103 102
104 78
104 65
104 125
104 174
104 76
104 163
104 111
104 118
104 83
104 21
104 100
104 184
104 139
104 45
105 94
105 69
105 1
105 19
105 43
106 17
107 57
107 163
107 14
107 22
107 72
107 87
107 129
107 21
107 172
107 28
107 44
107 118
107 146
107 153
107 121
107 46
107 125
107 53
107 141
107 186
107 32
107 43
107 23
107 150
107 95
107 74
107 64
107 8
107 88
107 194
108 46
108 165
108 115
108 175
108 120
108 199
108 22
108 131
108 1
108 52
108 63
108 58
108 93
109 177
109 60
109 51
109 123
109 111
109 87
109 99
109 101
109 154
109 33
109 188
109 80
109 163
109 92
109 152
109 183
109 23
109 135
109 187
109 81
109 22
110 71
111 102
111 85
111 133
111 158
111 114
111 177
111 171
111 197
111 90
111 52
112 183
112 16
112 88
112 80
112 177
112 188
112 129
112 140
112 30
112 149
112 98
112 35
112 15
112 182
112 10
112 46
112 150
113 143
113 81
113 97
113 162
113 91
113 59
113 118
113 29
113 163
113 116
113 46
113 155
114 183
114 191
114 140
114 193
114 123
114 167
114 177
114 81
114 179
114 147
114 69
114 130
114 160
114 103
114 102
114 98
114 63
114 33
115 78
115 43
115 125
115 5
115 53
115 151
115 68
116 51
116 13
116 8
116 183
116 47
116 83
116 199
116 41
117 115
117 79
117 130
117 50
117 58
117 169
117 117
117 4
117 109
117 54
117 28
117 72
117 5
117 53
117 152
117 95
117 116
117 104
118 61
118 29
118 144
118 115
118 1
118 67
118 108
119 158
119 151
119 125
119 4
119 28
119 116
119 114
119 179
119 48
119 141
119 38
119 121
120 145
120 148
120 104
120 96
120 32
120 85
120 84
120 81
120 127
120 36
120 22
120 173
120 72
120 6
120 11
121 161
121 43
121 127
121 185
121 132
121 63
121 34
121 110
121 2
121 107
121 67
121 24
121 52
121 88
121 183
121 7
121 78
121 25
121 85
121 14
121 159
121 51
121 76
121 0
121 131
121 82
122 110
122 155
122 44
122 187
123 151
123 165
123 12
123 13
123 143
123 153
123 81
123 176
123 89
123 26
123 52
123 35
123 18
123 16
123 58
123 47
123 110
123 175
123 147
123 97
123 112
123 193
124 191
124 40
124 39
124 71
124 2
124 58
124 103
124 126
124 12
124 11
124 110
124 61
124 90
124 123
124 196
124 15
125 150
125 152
125 41
125 98
125 85
125 51
125 157
125 53
125 61
125 142
125 121
125 90
125 149
125 46
125 109
125 179
125 78
125 56
125 185
125 62
125 3
125 136
125 169
125 19
126 137
126 104
126 50
126 94
126 193
126 62
126 131
126 22
126 175
126 3
126 55
126 155
126 116
126 69
126 29
126 178
126 154
126 126
127 108
127 142
127 7
127 73
127 22
127 49
127 132
127 156
127 23
127 148
127 141
127 3
127 59
127 28
127 96
127 46
127 52
127 56
128 31
128 76
128 145
128 87
128 64
128 183
128 176
128 67
128 134
128 14
128 57
128 128
128 159
128 1
128 186
128 10
129 161
129 107
129 5
129 53
129 186
129 140
129 86
129 36
129 142
129 166
129 120
129 32
129 11
129 162
129 23
129 141
129 131
129 92
129 45
129 29
129 33
129 104
129 26
130 177
130 67
130 33
130 146
130 20
130 40
130 173
130 2
130 162
130 84
130 160
130 170
130 164
130 104
130 166
130 193
130 125
130 58
130 37
130 27
130 89
130 101
130 124
130 137
130 132
130 12
130 161
130 126
131 98
131 25
131 66
131 131
131 21
131 139
131 115
131 154
131 100
131 23
131 133
131 68
131 178
131 9
131 15
131 111
131 30
131 134
131 191
132 180
132 161
132 121
132 11
132 91
132 177
132 84
132 55
132 117
132 90
132 168
132 79
132 169
132 127
132 21
132 139
133 9
133 122
133 176
133 159
134 160
134 170
135 124
135 163
135 3
135 98
135 39
135 100
135 162
135 110
135 107
135 128
135 85
135 144
135 86
135 57
136 194
136 130
136 178
136 91
136 57
137 117
137 15
137 49
137 50
137 150
137 3
137 20
137 121
137 128
137 123
137 105
137 83
137 18
137 26
137 32
137 186
137 1
137 115
138 6
138 82
138 4
138 85
138 152
138 195
139 99
139 136
139 23
139 129
139 76
139 126
139 43
139 96
139 175
139 4
139 103
139 125
139 172
139 173
139 196
139 80
139 82
139 45
139 46
139 105
139 152
139 84
139 49
139 12
139 65
139 51
140 166
140 112
140 159
141 96
141 0
141 176
142 142
142 189
142 163
142 164
142 43
142 68
142 91
142 173
142 158
142 97
142 31
142 138
142 104
142 73
142 153
143 11
143 77
144 54
144 0
144 191
144 57
144 62
144 176
144 68
144 15
144 53
144 172
144 84
144 98
144 76
144 73
144 198
144 155
144 125
144 144
144 106
144 93
144 130
144 19
144 178
144 49
144 88
144 182
144 134
144 186
145 171
145 95
145 46
145 151
145 172
145 50
145 185
145 117
145 9
146 196
146 149
146 35
146 142
146 145
146 113
146 140
146 105
146 40
146 169
146 36
146 143
146 79
146 47
147 143
147 192
147 95
147 58
147 9
147 185
147 67
147 77
147 39
147 60
147 92
147 119
147 27
147 97
147 18
147 34
147 2
147 25
147 129
147 69
147 189
147 184
147 75
148 122
148 93
148 18
148 73
148 57
148 146
148 102
148 82
148 19
148 90
148 46
148 168
148 55
148 109
149 14
149 48
149 49
149 19
149 23
149 191
149 152
149 0
149 58
149 135
149 197
149 129
149 27
149 30
149 33
149 167
149 87
149 162
149 22
149 145
149 85
149 43
149 98
149 126
150 186
150 19
150 30
150 89
150 161
150 98
151 24
151 176
151 9
151 8
151 30
151 164
151 32
151 97
151 83
151 35
151 103
151 142
151 162
151 73
151 178
151 10
152 87
152 1
152 185
152 6
152 196
153 19
153 113
153 35
153 52
153 116
153 192
153 142
153 118
153 108
153 54
153 22
153 81
153 161
153 117
153 199
153 173
153 77
153 171
153 120
153 15
153 23
153 103
153 88
153 183
153 184
153 59
153 60
153 14
153 146
153 162
154 169
154 101
154 114
154 86
154 172
154 5
154 171
154 140
154 21
154 118
155 84
155 55
155 56
155 87
156 154
156 151
156 82
156 122
156 2
156 38
156 182
156 98
156 92
156 165
157 145
157 156
157 153
157 8
157 25
157 167
157 79
157 44
157 120
157 99
157 0
157 127
157 125
157 149
157 80
157 136
157 15
157 165
157 135
157 162
157 195
157 55
157 11
157 57
158 115
158 136
158 60
158 36
158 75
158 67
158 6
158 156
158 39
158 126
158 113
158 11
158 64
158 68
158 124
158 196
158 130
158 105
158 31
158 153
158 62
158 0
158 58
158 40
158 42
158 186
159 138
159 75
159 105
159 42
159 49
159 9
159 141
159 198
160 107
160 103
160 159
160 118
161 163
161 25
161 169
161 135
161 88
161 84
161 178
161 69
161 194
161 108
161 156
161 159
161 73
161 19
161 155
161 172
161 71
161 98
161 30
161 10
161 136
161 110
161 162
161 133
161 21
161 15
161 180
161 168
161 22
162 132
162 179
162 109
162 155
162 116
162 51
162 85
162 169
162 151
162 166
162 115
162 113
162 131
162 122
162 146
162 158
163 54
164 110
164 43
164 191
164 14
164 92
164 156
164 44
164 22
164 116
164 159
164 194
164 198
164 17
164 45
164 186
164 161
164 25
164 93
164 193
164 90
164 160
164 164
164 54
165 52
165 197
165 70
165 104
165 87
165 180
165 37
165 99
165 34
165 46
165 58
165 95
165 170
165 98
165 76
165 89
165 75
165 72
165 10
165 158
165 108
165 4
165 143
165 120
165 109
166 20
166 76
166 195
166 37
166 71
166 30
166 44
166 3
166 102
166 47
166 137
166 78
166 106
166 2
166 197
166 57
166 178
166 163
166 36
166 73
166 43
166 176
166 171
166 136
166 145
167 40
167 84
167 165
167 128
167 161
167 120
167 170
167 87
167 25
167 146
167 172
167 89
167 72
167 135
167 123
167 43
167 31
167 76
167 142
167 129
167 179
167 199
167 81
167 15
167 166
167 153
167 54
167 156
168 51
168 126
168 71
168 111
168 176
168 34
168 124
168 26
168 57
168 188
168 181
168 73
168 7
168 121
168 150
168 192
168 138
168 56
168 52
168 135
168 182
168 113
168 98
169 74
169 125
169 161
169 63
169 190
169 171
169 138
169 34
169 165
169 194
169 1
169 39
169 181
169 17
169 54
169 91
170 145
170 176
170 160
170 108
170 134
170 2
170 193
170 73
170 158
170 84
171 189
171 31
171 38
171 166
171 54
171 78
172 5
172 194
172 113
172 30
172 47
172 179
172 77
172 171
172 159
173 24
173 123
174 135
174 41
174 83
174 129
174 40
174 20
174 189
174 132
174 108
174 27
174 169
174 81
174 120
174 25
174 191
174 161
174 166
174 44
174 104
174 82
174 46
174 72
174 12
174 26
174 28
174 15
174 164
174 133
174 29
175 102
175 60
175 40
175 164
175 53
175 126
175 127
175 147
175 166
175 153
175 46
175 12
175 74
176 162
176 193
176 137
176 195
176 80
176 15
176 144
176 179
176 118
176 125
176 113
176 199
176 60
176 62
176 39
176 87
176 172
176 151
176 61
176 7
176 94
177 53
177 147
177 164
177 80
177 35
177 176
177 183
177 131
177 127
177 151
177 134
177 121
177 63
177 149
177 163
177 13
177 116
177 94
177 65
177 119
177 97
177 129
177 170
178 157
178 107
178 22
178 177
178 81
178 194
178 155
178 138
178 136
178 96
178 54
178 65
178 57
178 116
178 48
178 33
178 124
178 122
179 146
179 13
179 14
179 66
179 137
179 190
179 169
179 170
179 99
179 27
179 198
179 95
179 138
179 179
179 183
179 104
179 49
179 44
179 89
179 139
179 100
179 34
179 136
179 92
180 162
180 124
180 100
180 67
180 118
180 29
180 103
180 169
180 173
180 37
180 15
180 185
180 66
180 9
180 56
180 186
180 153
180 151
180 136
180 126
180 121
180 197
180 91
180 139
180 123
180 78
181 147
181 131
181 85
181 16
181 189
181 43
181 174
181 144
181 118
181 24
181 66
181 101
181 149
181 30
181 93
181 51
181 179
181 117
181 132
181 60
181 20
181 137
181 75
181 14
181 126
181 106
181 142
181 28
181 104
182 55
182 163
182 192
182 189
182 136
182 72
182 159
182 36
182 129
182 66
182 1
182 13
183 172
183 55
183 124
183 82
183 38
183 34
183 39
183 46
183 0
184 70
184 112
184 15
184 157
184 135
184 169
184 149
184 189
184 128
184 176
184 105
184 119
184 18
184 78
184 93
184 183
184 131
185 130
185 63
185 70
185 82
186 34
186 25
186 77
186 194
186 133
186 120
186 114
186 84
186 122
186 58
186 131
186 95
186 78
186 129
186 152
187 61
187 15
187 172
187 94
187 11
187 104
187 115
187 17
187 81
187 6
187 69
187 178
187 198
187 118
187 120
187 159
187 195
187 123
187 145
187 39
187 154
187 183
187 106
188 83
188 170
188 173
188 57
188 139
188 37
189 126
189 141
189 112
189 73
189 15
189 104
189 182
189 66
189 166
189 62
189 71
190 176
190 152
190 74
190 191
190 105
190 135
190 79
190 71
190 141
190 16
190 83
190 91
190 76
190 99
191 65
191 120
191 43
191 139
191 152
191 184
191 169
191 91
191 118
191 53
191 51
191 133
191 21
191 34
192 199
192 97
192 37
192 157
192 16
192 187
192 47
192 165
192 115
193 29
193 199
193 60
193 2
193 118
193 160
193 64
193 151
193 175
193 109
193 119
194 145
194 75
194 27
194 66
194 5
194 193
194 4
194 51
194 142
194 63
194 77
194 130
194 156
194 76
194 195
194 0
194 140
194 191
194 60
194 131
195 90
195 160
195 85
195 115
195 103
195 36
195 195
195 120
195 48
195 125
195 164
195 33
196 41
196 143
196 188
196 77
196 9
196 111
196 15
196 52
196 163
196 117
196 194
196 134
196 147
196 89
196 99
196 190
196 125
196 195
196 124
196 171
196 20
196 174
196 56
196 55
197 79
197 103
197 1
197 21
197 194
197 2
197 107
197 195
197 126
197 22
197 28
197 52
197 176
197 56
197 168
197 181
197 85
197 81
197 140
197 145
197 180
197 15
197 142
197 23
197 54
197 154
197 155
197 151
197 169
198 171
198 139
198 28
198 199
198 80
198 149
198 103
198 55
198 124
198 11
198 38
198 153
198 73
198 13
198 114
198 44
198 54
198 177
198 10
198 39
198 146
198 92
198 125
198 119
198 26
198 100
199 176
199 92
199 185
199 177
199 84
199 113
199 94
199 28
